0	0.00166583	0.000416615
1.30199e-08
2.08271e-07
0.1	0.00667839	0.000416615
1.30199e-08
0.00167315
0.2	0.0117929	0.000416615
1.30199e-08
0.00338012
0.3	0.0171198	0.000416615
1.30199e-08
0.00515796
0.4	0.0227879	0.000416615
1.30199e-08
0.0070497
0.5	0.0289582	0.000416615
1.30199e-08
0.00910904
0.6	0.0358442	0.000416615
1.30199e-08
0.0114072
0.7	0.0437452	0.000416615
1.30199e-08
0.0140442
0.8	0.0531049	0.000416615
1.30199e-08
0.017168
0.9	0.0646213	0.000416615
1.30199e-08
0.0210116
1	0.0794713	0.000416615
1.30199e-08
0.0259678
1.1	0.099822	0.000416615
1.30199e-08
0.0327598
1.2	0.130166	0.000416615
1.30199e-08
0.0428873
1.3	0.181621	0.000416615
1.30199e-08
0.0600602
1.4	0.291319	0.000416615
1.30199e-08
0.0966718
1.5	0.706149	0.000416615
1.30198e-08
0.235122
1.6	1.70853	0.000416615
1.30199e-08
0.57078
1.7	0.382844	0.000416615
1.30199e-08
0.12833
1.8	0.212469	0.000416615
1.30199e-08
0.0714672
1.9	0.144567	0.000416615
1.30199e-08
0.0488051
2	0.107495	0.000416615
1.30199e-08
0.0364323
2.1	0.0837553	0.000416615
1.30199e-08
0.0285091
2.2	0.0669681	0.000416615
1.30199e-08
0.0229064
2.3	0.0542482	0.000416615
1.30199e-08
0.0186611
2.4	0.0440967	0.000416615
1.30199e-08
0.0152731
2.5	0.0356542	0.000416615
1.30199e-08
0.0124553
2.6	0.0283889	0.000416615
1.30199e-08
0.0100306
2.7	0.0219509	0.000416615
1.30199e-08
0.00788187
2.8	0.0160958	0.000416615
1.30199e-08
0.00592776
2.9	0.0106442	0.000416615
1.30199e-08
0.00410826
3	0.00545556	0.000416615
1.30199e-08
0.00237656
3.1	0.000413266	0.000416615
1.30199e-08
0.000693691
3.2	0.00458709	0.000416615
1.30199e-08
0.000975178
3.3	0.00964647	0.000416615
1.30199e-08
0.00266375
3.4	0.0148707	0.000416615
1.30199e-08
0.00440732
3.5	0.0203795	0.000416615
1.30199e-08
0.0062459
3.6	0.0263186	0.000416615
1.30199e-08
0.00822808
3.7	0.0328765	0.000416615
1.30199e-08
0.0104168
3.8	0.0403114	0.000416615
1.30199e-08
0.0128982
3.9	0.0489976	0.000416615
1.30199e-08
0.0157972
4	0.0595087	0.000416615
1.30199e-08
0.0193053
4.1	0.0727829	0.000416615
1.30198e-08
0.0237355
4.2	0.0904808	0.000416615
1.30198e-08
0.0296422
4.3	0.115863	0.000416615
1.30198e-08
0.0381135
4.4	0.156353	0.000416615
1.30198e-08
0.0516271
4.5	0.233339	0.000416615
1.30199e-08
0.0773213
4.6	0.444306	0.000416615
1.30198e-08
0.147731
4.7	4.03394	0.000416615
1.30197e-08
1.34577
4.8	0.567103	0.000416615
1.30199e-08
0.189827
4.9	0.261489	0.000416615
1.30198e-08
0.0878279
5	0.167219	0.000416615
1.30198e-08
0.0563652
5.1	0.120702	0.000416615
1.30198e-08
0.0408399
5.2	0.0925377	0.000416615
1.30198e-08
0.0314402
5.3	0.0733353	0.000416615
1.30198e-08
0.0250314
5.4	0.0591605	0.000416615
1.30198e-08
0.0203006
5.5	0.0480719	0.000416615
1.30198e-08
0.0165998
5.6	0.0389974	0.000416615
1.30198e-08
0.0135712
5.7	0.0312932	0.000416615
1.30198e-08
0.0109999
5.8	0.0245456	0.000416615
1.30198e-08
0.00874787
5.9	0.0184729	0.000416615
1.30198e-08
0.0067211
6	0.0128724	0.000416615
1.30198e-08
0.00485191
6.1	0.00758956	0.000416615
1.30198e-08
0.00308878
