0	0	0.999983	1.66666e-05	
0.01	0.00999983	0.999883	6.66678e-05	
0.02	0.0199987	0.999683	0.000116679	
0.03	0.0299955	0.999383	0.00016671	
0.04	0.0399893	0.998984	0.000216772	
0.05	0.0499792	0.998484	0.000266873	
0.06	0.059964	0.997884	0.000317025	
0.07	0.0699428	0.997185	0.000367236	
0.08	0.0799147	0.996386	0.000417519	
0.09	0.0898785	0.995487	0.000467882	
0.1	0.0998334	0.994488	0.000518336	
0.11	0.109778	0.993391	0.000568891	
0.12	0.119712	0.992194	0.000619558	
0.13	0.129634	0.990897	0.000670348	
0.14	0.139543	0.989502	0.00072127	
0.15	0.149438	0.988007	0.000772336	
0.16	0.159318	0.986414	0.000823557	
0.17	0.169182	0.984722	0.000874944	
0.18	0.17903	0.982932	0.000926507	
0.19	0.188859	0.981044	0.000978258	
0.2	0.198669	0.979057	0.00103021	
0.21	0.20846	0.976972	0.00108237	
0.22	0.21823	0.97479	0.00113475	
0.23	0.227978	0.97251	0.00118737	
0.24	0.237703	0.970133	0.00124024	
0.25	0.247404	0.967659	0.00129337	
0.26	0.257081	0.965088	0.00134676	
0.27	0.266731	0.962421	0.00140045	
0.28	0.276356	0.959658	0.00145443	
0.29	0.285952	0.956798	0.00150872	
0.3	0.29552	0.953843	0.00156333	
0.31	0.305059	0.950792	0.00161829	
0.32	0.314567	0.947647	0.0016736	
0.33	0.324043	0.944406	0.00172928	
0.34	0.333487	0.941072	0.00178534	
0.35	0.342898	0.937643	0.00184179	
0.36	0.352274	0.93412	0.00189867	
0.37	0.361615	0.930504	0.00195597	
0.38	0.37092	0.926795	0.00201371	
0.39	0.380188	0.922993	0.00207192	
0.4	0.389418	0.919099	0.00213062	
0.41	0.398609	0.915113	0.0021898	
0.42	0.40776	0.911035	0.00224951	
0.43	0.416871	0.906866	0.00230975	
0.44	0.425939	0.902607	0.00237055	
0.45	0.434966	0.898257	0.00243192	
0.46	0.443948	0.893818	0.00249389	
0.47	0.452886	0.889289	0.00255647	
0.48	0.461779	0.884671	0.0026197	
0.49	0.470626	0.879965	0.00268359	
0.5	0.479426	0.875171	0.00274816	
0.51	0.488177	0.870289	0.00281344	
0.52	0.49688	0.86532	0.00287945	
0.53	0.505533	0.860265	0.00294623	
0.54	0.514136	0.855124	0.00301379	
0.55	0.522687	0.849897	0.00308217	
0.56	0.531186	0.844585	0.00315139	
0.57	0.539632	0.839189	0.00322148	
0.58	0.548024	0.833709	0.00329248	
0.59	0.556361	0.828145	0.00336442	
0.6	0.564642	0.822499	0.00343732	
0.61	0.572867	0.81677	0.00351123	
0.62	0.581035	0.81096	0.00358618	
0.63	0.589145	0.805068	0.00366221	
0.64	0.597195	0.799096	0.00373935	
0.65	0.605186	0.793045	0.00381766	
0.66	0.613117	0.786914	0.00389716	
0.67	0.620986	0.780704	0.0039779	
0.68	0.628793	0.774416	0.00405994	
0.69	0.636537	0.768051	0.00414331	
0.7	0.644218	0.761608	0.00422807	
0.71	0.651834	0.75509	0.00431427	
0.72	0.659385	0.748496	0.00440197	
0.73	0.66687	0.741828	0.00449122	
0.74	0.674288	0.735085	0.00458208	
0.75	0.681639	0.728269	0.00467461	
0.76	0.688921	0.721379	0.00476888	
0.77	0.696135	0.714418	0.00486497	
0.78	0.703279	0.707385	0.00496293	
0.79	0.710353	0.700282	0.00506286	
0.8	0.717356	0.693108	0.00516482	
0.81	0.724287	0.685866	0.0052689	
0.82	0.731146	0.678554	0.00537519	
0.83	0.737931	0.671175	0.00548379	
0.84	0.744643	0.663729	0.00559478	
0.85	0.75128	0.656216	0.00570828	
0.86	0.757843	0.648637	0.0058244	
0.87	0.764329	0.640994	0.00594324	
0.88	0.770739	0.633287	0.00606494	
0.89	0.777072	0.625516	0.00618961	
0.9	0.783327	0.617683	0.00631741	
0.91	0.789504	0.609788	0.00644846	
0.92	0.795602	0.601832	0.00658293	
0.93	0.80162	0.593816	0.00672098	
0.94	0.807558	0.58574	0.00686278	
0.95	0.813416	0.577606	0.00700852	
0.96	0.819192	0.569415	0.00715839	
0.97	0.824886	0.561166	0.00731261	
0.98	0.830497	0.552861	0.0074714	
0.99	0.836026	0.544501	0.00763499	
1	0.841471	0.536086	0.00780364	
1.01	0.846832	0.527618	0.00797763	
1.02	0.852108	0.519097	0.00815725	
1.03	0.857299	0.510524	0.00834282	
1.04	0.862404	0.5019	0.00853467	
1.05	0.867423	0.493226	0.00873317	
1.06	0.872355	0.484502	0.00893872	
1.07	0.877201	0.47573	0.00915173	
1.08	0.881958	0.466911	0.00937268	
1.09	0.886627	0.458045	0.00960205	
1.1	0.891207	0.449133	0.00984038	
1.11	0.895699	0.440176	0.0100883	
1.12	0.9001	0.431175	0.0103464	
1.13	0.904412	0.422131	0.0106153	
1.14	0.908633	0.413044	0.010896	
1.15	0.912764	0.403917	0.0111891	
1.16	0.916803	0.394749	0.0114956	
1.17	0.920751	0.385541	0.0118165	
1.18	0.924606	0.376295	0.0121529	
1.19	0.928369	0.367012	0.0125061	
1.2	0.932039	0.357692	0.0128773	
1.21	0.935616	0.348335	0.0132682	
1.22	0.939099	0.338945	0.0136803	
1.23	0.942489	0.32952	0.0141156	
1.24	0.945784	0.320062	0.0145762	
1.25	0.948985	0.310572	0.0150644	
1.26	0.95209	0.301051	0.0155829	
1.27	0.955101	0.2915	0.0161347	
1.28	0.958016	0.28192	0.0167233	
1.29	0.960835	0.272312	0.0173526	
1.3	0.963558	0.262677	0.018027	
1.31	0.966185	0.253015	0.0187519	
1.32	0.968715	0.243328	0.0195332	
1.33	0.971148	0.233616	0.020378	
1.34	0.973485	0.223882	0.0212946	
1.35	0.975723	0.214124	0.0222926	
1.36	0.977865	0.204346	0.0233837	
1.37	0.979908	0.194547	0.0245818	
1.38	0.981854	0.184728	0.0259036	
1.39	0.983701	0.174892	0.0273699	
1.4	0.98545	0.165037	0.0290058	
1.41	0.9871	0.155166	0.0308432	
1.42	0.988652	0.14528	0.032922	
1.43	0.990105	0.135379	0.0352937	
1.44	0.991458	0.125464	0.0380255	
1.45	0.992713	0.115537	0.0412068	
1.46	0.993868	0.105599	0.0449593	
1.47	0.994924	0.0956495	0.0494531	
1.48	0.995881	0.0856908	0.0549331	
1.49	0.996738	0.0757235	0.0617654	
1.5	0.997495	0.0657486	0.0705232	
1.51	0.998152	0.0557671	0.0821564	
1.52	0.99871	0.0457801	0.0983635	
1.53	0.999168	0.0357885	0.122508	
1.54	0.999526	0.0257934	0.162321	
1.55	0.999784	0.0157956	0.240407	
1.56	0.999942	0.00579627	0.463115	
1.57	1	-0.00420364	6.27879	
1.58	0.999958	-0.0142031	0.543225	
1.59	0.999816	-0.0242012	0.260316	
1.6	0.999574	-0.0341969	0.171145	
1.61	0.999232	-0.0441891	0.127456	
1.62	0.99879	-0.0541769	0.101519	
1.63	0.998248	-0.0641593	0.0843382	
1.64	0.997606	-0.0741353	0.0721179	
1.65	0.996865	-0.0841039	0.0629791	
1.66	0.996024	-0.094064	0.0558856	
1.67	0.995083	-0.104015	0.0502188	
1.68	0.994043	-0.113955	0.0455868	
1.69	0.992904	-0.123884	0.0417291	
1.7	0.991665	-0.133801	0.038466	
1.71	0.990327	-0.143704	0.0356693	
1.72	0.98889	-0.153593	0.0332453	
1.73	0.987354	-0.163466	0.0311236	
1.74	0.985719	-0.173323	0.0292507	
1.75	0.983986	-0.183163	0.027585	
1.76	0.982154	-0.192984	0.0260936	
1.77	0.980224	-0.202787	0.0247502	
1.78	0.978197	-0.212568	0.0235336	
1.79	0.976071	-0.222329	0.0224265	
1.8	0.973848	-0.232068	0.0214145	
1.81	0.971527	-0.241783	0.0204856	
1.82	0.969109	-0.251474	0.01963	
1.83	0.966594	-0.26114	0.0188391	
1.84	0.963983	-0.270779	0.0181056	
1.85	0.961275	-0.280392	0.0174235	
1.86	0.958471	-0.289977	0.0167873	
1.87	0.955572	-0.299532	0.0161925	
1.88	0.952576	-0.309058	0.0156351	
1.89	0.949486	-0.318553	0.0151115	
1.9	0.9463	-0.328016	0.0146187	
1.91	0.94302	-0.337446	0.0141539	
1.92	0.939645	-0.346842	0.0137147	
1.93	0.936177	-0.356204	0.013299	
1.94	0.932615	-0.36553	0.0129049	
1.95	0.92896	-0.374819	0.0125306	
1.96	0.925212	-0.384071	0.0121747	
1.97	0.921371	-0.393285	0.0118357	
1.98	0.917438	-0.402459	0.0115123	
1.99	0.913413	-0.411593	0.0112036	
2	0.909297	-0.420686	0.0109084	
2.01	0.905091	-0.429737	0.0106259	
2.02	0.900793	-0.438745	0.0103551	
2.03	0.896406	-0.447709	0.0100953	
2.04	0.891929	-0.456628	0.00984587	
2.05	0.887362	-0.465502	0.00960606	
2.06	0.882707	-0.474329	0.0093753	
2.07	0.877964	-0.483108	0.00915304	
2.08	0.873133	-0.49184	0.0089388	
2.09	0.868215	-0.500522	0.00873209	
2.1	0.863209	-0.509154	0.00853249	
2.11	0.858118	-0.517735	0.00833961	
2.12	0.85294	-0.526264	0.00815307	
2.13	0.847678	-0.534741	0.00797252	
2.14	0.84233	-0.543164	0.00779765	
2.15	0.836899	-0.551533	0.00762817	
2.16	0.831383	-0.559847	0.00746379	
2.17	0.825785	-0.568105	0.00730426	
2.18	0.820104	-0.576306	0.00714933	
2.19	0.814341	-0.584449	0.00699878	
2.2	0.808496	-0.592534	0.00685239	
2.21	0.802571	-0.600559	0.00670997	
2.22	0.796565	-0.608525	0.00657134	
2.23	0.79048	-0.61643	0.00643631	
2.24	0.784316	-0.624273	0.00630472	
2.25	0.778073	-0.632053	0.00617642	
2.26	0.771753	-0.639771	0.00605126	
2.27	0.765355	-0.647424	0.0059291	
2.28	0.758881	-0.655013	0.00580981	
2.29	0.752331	-0.662536	0.00569326	
2.3	0.745705	-0.669993	0.00557935	
2.31	0.739005	-0.677383	0.00546797	
2.32	0.732231	-0.684706	0.005359	
2.33	0.725384	-0.691959	0.00525234	
2.34	0.718465	-0.699144	0.00514792	
2.35	0.711473	-0.706259	0.00504562	
2.36	0.704411	-0.713303	0.00494538	
2.37	0.697278	-0.720275	0.00484711	
2.38	0.690075	-0.727176	0.00475073	
2.39	0.682803	-0.734004	0.00465617	
2.4	0.675463	-0.740759	0.00456337	
2.41	0.668056	-0.747439	0.00447225	
2.42	0.660581	-0.754045	0.00438274	
2.43	0.653041	-0.760575	0.00429481	
2.44	0.645435	-0.76703	0.00420837	
2.45	0.637765	-0.773407	0.00412338	
2.46	0.630031	-0.779707	0.00403979	
2.47	0.622234	-0.78593	0.00395755	
2.48	0.614374	-0.792073	0.0038766	
2.49	0.606454	-0.798138	0.0037969	
2.5	0.598472	-0.804123	0.00371841	
2.51	0.590431	-0.810027	0.00364109	
2.52	0.582331	-0.81585	0.00356488	
2.53	0.574172	-0.821592	0.00348976	
2.54	0.565956	-0.827251	0.00341569	
2.55	0.557684	-0.832828	0.00334263	
2.56	0.549355	-0.838322	0.00327054	
2.57	0.540972	-0.843731	0.0031994	
2.58	0.532535	-0.849057	0.00312916	
2.59	0.524044	-0.854297	0.0030598	
2.6	0.515501	-0.859452	0.00299129	
2.61	0.506907	-0.864521	0.0029236	
2.62	0.498262	-0.869504	0.0028567	
2.63	0.489567	-0.874399	0.00279057	
2.64	0.480823	-0.879207	0.00272517	
2.65	0.472031	-0.883928	0.00266049	
2.66	0.463191	-0.88856	0.0025965	
2.67	0.454306	-0.893103	0.00253317	
2.68	0.445375	-0.897556	0.00247048	
2.69	0.436399	-0.90192	0.00240842	
2.7	0.42738	-0.906194	0.00234695	
2.71	0.418318	-0.910377	0.00228606	
2.72	0.409214	-0.914469	0.00222574	
2.73	0.400069	-0.91847	0.00216595	
2.74	0.390885	-0.922379	0.00210667	
2.75	0.381661	-0.926195	0.00204791	
2.76	0.372399	-0.929919	0.00198962	
2.77	0.3631	-0.93355	0.0019318	
2.78	0.353764	-0.937088	0.00187443	
2.79	0.344393	-0.940532	0.00181749	
2.8	0.334988	-0.943882	0.00176097	
2.81	0.325549	-0.947137	0.00170485	
2.82	0.316078	-0.950298	0.00164911	
2.83	0.306575	-0.953364	0.00159374	
2.84	0.297041	-0.956334	0.00153873	
2.85	0.287478	-0.959209	0.00148406	
2.86	0.277886	-0.961987	0.00142972	
2.87	0.268266	-0.96467	0.00137569	
2.88	0.258619	-0.967256	0.00132196	
2.89	0.248947	-0.969746	0.00126852	
2.9	0.239249	-0.972138	0.00121535	
2.91	0.229528	-0.974433	0.00116244	
2.92	0.219784	-0.976631	0.00110979	
2.93	0.210017	-0.978731	0.00105736	
2.94	0.20023	-0.980734	0.00100517	
2.95	0.190423	-0.982638	0.000953185	
2.96	0.180596	-0.984444	0.000901403	
2.97	0.170752	-0.986151	0.00084981	
2.98	0.16089	-0.98776	0.000798397	
2.99	0.151013	-0.98927	0.00074715	
3	0.14112	-0.990682	0.00069606	
3.01	0.131213	-0.991994	0.000645116	
3.02	0.121293	-0.993207	0.000594306	
3.03	0.111361	-0.99432	0.00054362	
3.04	0.101418	-0.995334	0.000493047	
3.05	0.0914646	-0.996249	0.000442578	
3.06	0.0815022	-0.997064	0.000392201	
3.07	0.0715315	-0.997779	0.000341907	
3.08	0.0615537	-0.998395	0.000291684	
3.09	0.0515698	-0.998911	0.000241524	
3.1	0.0415807	-0.999326	0.000191415	
3.11	0.0315874	-0.999642	0.000141348	
3.12	0.021591	-0.999858	9.13126e-05	
3.13	0.0115924	-0.999974	4.12988e-05	
3.14	0.00159265	-0.99999	8.70338e-06	
3.15	-0.00840725	-0.999906	5.8704e-05	
3.16	-0.0184063	-0.999722	0.000108713	
3.17	-0.0284035	-0.999438	0.00015874	
3.18	-0.0383979	-0.999054	0.000208796	
3.19	-0.0483884	-0.99857	0.000258891	
3.2	-0.0583741	-0.997986	0.000309033	
3.21	-0.068354	-0.997303	0.000359235	
3.22	-0.078327	-0.996519	0.000409505	
3.23	-0.0882922	-0.995637	0.000459855	
3.24	-0.0982486	-0.994654	0.000510294	
3.25	-0.108195	-0.993572	0.000560832	
3.26	-0.118131	-0.992391	0.000611481	
3.27	-0.128055	-0.99111	0.00066225	
3.28	-0.137966	-0.989731	0.000713151	
3.29	-0.147863	-0.988252	0.000764193	
3.3	-0.157746	-0.986675	0.000815389	
3.31	-0.167612	-0.984998	0.000866748	
3.32	-0.177462	-0.983224	0.000918282	
3.33	-0.187295	-0.981351	0.000970003	
3.34	-0.197108	-0.97938	0.00102192	
3.35	-0.206902	-0.977311	0.00107405	
3.36	-0.216675	-0.975144	0.0011264	
3.37	-0.226427	-0.97288	0.00117898	
3.38	-0.236155	-0.970518	0.0012318	
3.39	-0.245861	-0.96806	0.00128489	
3.4	-0.255541	-0.965504	0.00133824	
3.41	-0.265196	-0.962852	0.00139188	
3.42	-0.274825	-0.960104	0.00144581	
3.43	-0.284426	-0.95726	0.00150005	
3.44	-0.293998	-0.95432	0.00155461	
3.45	-0.303542	-0.951285	0.00160951	
3.46	-0.313054	-0.948154	0.00166477	
3.47	-0.322536	-0.944929	0.00172038	
3.48	-0.331985	-0.941609	0.00177638	
3.49	-0.341401	-0.938195	0.00183277	
3.5	-0.350783	-0.934687	0.00188958	
3.51	-0.36013	-0.931086	0.00194681	
3.52	-0.369441	-0.927392	0.00200449	
3.53	-0.378715	-0.923604	0.00206262	
3.54	-0.387951	-0.919725	0.00212123	
3.55	-0.397148	-0.915753	0.00218034	
3.56	-0.406306	-0.91169	0.00223997	
3.57	-0.415423	-0.907536	0.00230012	
3.58	-0.424498	-0.903291	0.00236083	
3.59	-0.433531	-0.898956	0.00242211	
3.6	-0.44252	-0.894531	0.00248398	
3.61	-0.451466	-0.890016	0.00254647	
3.62	-0.460366	-0.885413	0.00260959	
3.63	-0.46922	-0.88072	0.00267337	
3.64	-0.478027	-0.87594	0.00273783	
3.65	-0.486787	-0.871072	0.00280299	
3.66	-0.495497	-0.866117	0.00286889	
3.67	-0.504159	-0.861076	0.00293554	
3.68	-0.512769	-0.855948	0.00300298	
3.69	-0.521329	-0.850735	0.00307122	
3.7	-0.529836	-0.845437	0.00314031	
3.71	-0.538291	-0.840054	0.00321026	
3.72	-0.546691	-0.834587	0.00328111	
3.73	-0.555037	-0.829037	0.0033529	
3.74	-0.563327	-0.823403	0.00342564	
3.75	-0.571561	-0.817688	0.00349939	
3.76	-0.579738	-0.811891	0.00357417	
3.77	-0.587857	-0.806012	0.00365003	
3.78	-0.595917	-0.800053	0.00372699	
3.79	-0.603918	-0.794014	0.00380511	
3.8	-0.611858	-0.787895	0.00388441	
3.81	-0.619737	-0.781698	0.00396496	
3.82	-0.627554	-0.775422	0.00404679	
3.83	-0.635308	-0.769069	0.00412994	
3.84	-0.642999	-0.76264	0.00421448	
3.85	-0.650625	-0.756133	0.00430045	
3.86	-0.658186	-0.749551	0.0043879	
3.87	-0.665682	-0.742895	0.0044769	
3.88	-0.673111	-0.736164	0.0045675	
3.89	-0.680473	-0.729359	0.00465976	
3.9	-0.687766	-0.722481	0.00475375	
3.91	-0.694991	-0.715532	0.00484954	
3.92	-0.702146	-0.70851	0.0049472	
3.93	-0.709231	-0.701418	0.00504681	
3.94	-0.716246	-0.694255	0.00514844	
3.95	-0.723188	-0.687024	0.00525218	
3.96	-0.730058	-0.679723	0.00535811	
3.97	-0.736856	-0.672355	0.00546633	
3.98	-0.743579	-0.664919	0.00557694	
3.99	-0.750228	-0.657417	0.00569003	
4	-0.756802	-0.649849	0.00580572	
4.01	-0.763301	-0.642216	0.00592413	
4.02	-0.769723	-0.634519	0.00604536	
4.03	-0.776068	-0.626758	0.00616955	
4.04	-0.782336	-0.618935	0.00629684	
4.05	-0.788525	-0.61105	0.00642736	
4.06	-0.794636	-0.603103	0.00656128	
4.07	-0.800667	-0.595097	0.00669875	
4.08	-0.806618	-0.587031	0.00683994	
4.09	-0.812488	-0.578906	0.00698504	
4.1	-0.818277	-0.570723	0.00713424	
4.11	-0.823984	-0.562483	0.00728775	
4.12	-0.829609	-0.554187	0.00744579	
4.13	-0.835151	-0.545836	0.0076086	
4.14	-0.840609	-0.53743	0.00777643	
4.15	-0.845984	-0.52897	0.00794955	
4.16	-0.851273	-0.520457	0.00812825	
4.17	-0.856478	-0.511893	0.00831285	
4.18	-0.861597	-0.503277	0.00850368	
4.19	-0.86663	-0.49461	0.00870109	
4.2	-0.871576	-0.485895	0.00890549	
4.21	-0.876435	-0.477131	0.00911729	
4.22	-0.881206	-0.468319	0.00933694	
4.23	-0.885889	-0.45946	0.00956493	
4.24	-0.890484	-0.450555	0.0098018	
4.25	-0.894989	-0.441605	0.0100481	
4.26	-0.899405	-0.432611	0.0103045	
4.27	-0.903732	-0.423574	0.0105717	
4.28	-0.907967	-0.414494	0.0108504	
4.29	-0.912112	-0.405373	0.0111415	
4.3	-0.916166	-0.396212	0.0114458	
4.31	-0.920128	-0.38701	0.0117644	
4.32	-0.923998	-0.377771	0.0120982	
4.33	-0.927776	-0.368493	0.0124486	
4.34	-0.931461	-0.359178	0.0128169	
4.35	-0.935053	-0.349828	0.0132045	
4.36	-0.938551	-0.340443	0.0136132	
4.37	-0.941955	-0.331023	0.0140447	
4.38	-0.945266	-0.32157	0.0145011	
4.39	-0.948481	-0.312086	0.0149847	
4.4	-0.951602	-0.30257	0.0154982	
4.41	-0.954628	-0.293024	0.0160444	
4.42	-0.957558	-0.283448	0.0166269	
4.43	-0.960392	-0.273844	0.0172494	
4.44	-0.963131	-0.264213	0.0179164	
4.45	-0.965773	-0.254555	0.0186329	
4.46	-0.968319	-0.244872	0.0194048	
4.47	-0.970767	-0.235165	0.0202389	
4.48	-0.973119	-0.225434	0.0211434	
4.49	-0.975373	-0.21568	0.0221277	
4.5	-0.97753	-0.205905	0.0232031	
4.51	-0.979589	-0.196109	0.0243831	
4.52	-0.98155	-0.186293	0.025684	
4.53	-0.983413	-0.176459	0.0271257	
4.54	-0.985178	-0.166608	0.0287327	
4.55	-0.986844	-0.156739	0.0305356	
4.56	-0.988411	-0.146855	0.0325728	
4.57	-0.98988	-0.136957	0.0348938	
4.58	-0.991249	-0.127044	0.0375629	
4.59	-0.99252	-0.117119	0.0406655	
4.6	-0.993691	-0.107182	0.0443172	
4.61	-0.994763	-0.0972347	0.0486789	
4.62	-0.995735	-0.0872774	0.0539812	
4.63	-0.996608	-0.0773114	0.0605665	
4.64	-0.997381	-0.0673377	0.0689667	
4.65	-0.998054	-0.0573572	0.0800543	
4.66	-0.998628	-0.047371	0.0953685	
4.67	-0.999102	-0.0373801	0.1179	
4.68	-0.999476	-0.0273854	0.154335	
4.69	-0.999749	-0.017388	0.223302	
4.7	-0.999923	-0.00738888	0.403577	
4.71	-0.999997	0.00261101	2.09294	
4.72	-0.999971	0.0126106	0.656907	
4.73	-0.999845	0.022609	0.283865	
4.74	-0.999619	0.0326051	0.181023	
4.75	-0.999293	0.0425979	0.132859	
4.76	-0.998867	0.0525865	0.104921	
4.77	-0.998341	0.0625699	0.0866755	
4.78	-0.997715	0.0725469	0.0738224	
4.79	-0.99699	0.0825167	0.0642772	
4.8	-0.996165	0.0924783	0.0569072	
4.81	-0.99524	0.102431	0.0510438	
4.82	-0.994216	0.112373	0.0462671	
4.83	-0.993092	0.122304	0.0422998	
4.84	-0.991869	0.132222	0.0389517	
4.85	-0.990547	0.142128	0.0360877	
4.86	-0.989125	0.152019	0.0336095	
4.87	-0.987605	0.161895	0.0314436	
4.88	-0.985986	0.171754	0.0295342	
4.89	-0.984269	0.181597	0.0278379	
4.9	-0.982453	0.191421	0.0263206	
4.91	-0.980538	0.201227	0.0249551	
4.92	-0.978526	0.211012	0.0237196	
4.93	-0.976416	0.220776	0.0225961	
4.94	-0.974208	0.230518	0.0215698	
4.95	-0.971903	0.240237	0.0206284	
4.96	-0.969501	0.249932	0.0197617	
4.97	-0.967001	0.259602	0.018961	
4.98	-0.964405	0.269246	0.0182189	
4.99	-0.961713	0.278863	0.0175289	
5	-0.958924	0.288452	0.0168858	
5.01	-0.95604	0.298012	0.0162847	
5.02	-0.95306	0.307543	0.0157215	
5.03	-0.949984	0.317043	0.0151928	
5.04	-0.946814	0.326511	0.0146952	
5.05	-0.943549	0.335946	0.0142262	
5.06	-0.940189	0.345348	0.013783	
5.07	-0.936736	0.354715	0.0133637	
5.08	-0.933189	0.364047	0.0129663	
5.09	-0.929548	0.373342	0.012589	
5.1	-0.925815	0.3826	0.0122302	
5.11	-0.921989	0.39182	0.0118886	
5.12	-0.91807	0.401001	0.0115628	
5.13	-0.91406	0.410141	0.0112519	
5.14	-0.909959	0.419241	0.0109546	
5.15	-0.905767	0.428299	0.0106701	
5.16	-0.901484	0.437313	0.0103975	
5.17	-0.897111	0.446284	0.010136	
5.18	-0.892648	0.455211	0.00988494	
5.19	-0.888096	0.464092	0.00964363	
5.2	-0.883455	0.472926	0.00941146	
5.21	-0.878725	0.481713	0.00918789	
5.22	-0.873908	0.490452	0.0089724	
5.23	-0.869004	0.499142	0.00876453	
5.24	-0.864012	0.507782	0.00856382	
5.25	-0.858934	0.516372	0.0083699	
5.26	-0.853771	0.524909	0.00818237	
5.27	-0.848522	0.533394	0.00800089	
5.28	-0.843188	0.541826	0.00782514	
5.29	-0.837769	0.550204	0.00765481	
5.3	-0.832267	0.558526	0.00748964	
5.31	-0.826682	0.566793	0.00732935	
5.32	-0.821014	0.575003	0.0071737	
5.33	-0.815264	0.583156	0.00702247	
5.34	-0.809433	0.59125	0.00687543	
5.35	-0.80352	0.599285	0.0067324	
5.36	-0.797527	0.60726	0.00659317	
5.37	-0.791455	0.615175	0.00645758	
5.38	-0.785303	0.623028	0.00632546	
5.39	-0.779073	0.630819	0.00619664	
5.4	-0.772764	0.638546	0.00607099	
5.41	-0.766379	0.64621	0.00594836	
5.42	-0.759917	0.653809	0.00582862	
5.43	-0.753379	0.661343	0.00571165	
5.44	-0.746765	0.66881	0.00559733	
5.45	-0.740077	0.676211	0.00548554	
5.46	-0.733315	0.683544	0.00537619	
5.47	-0.72648	0.690809	0.00526918	
5.48	-0.719572	0.698004	0.0051644	
5.49	-0.712592	0.70513	0.00506178	
5.5	-0.70554	0.712186	0.00496121	
5.51	-0.698418	0.71917	0.00486263	
5.52	-0.691227	0.726082	0.00476596	
5.53	-0.683966	0.732922	0.00467111	
5.54	-0.676637	0.739688	0.00457803	
5.55	-0.66924	0.74638	0.00448665	
5.56	-0.661776	0.752998	0.00439689	
5.57	-0.654246	0.75954	0.00430871	
5.58	-0.646651	0.766007	0.00422204	
5.59	-0.638991	0.772397	0.00413683	
5.6	-0.631267	0.778709	0.00405302	
5.61	-0.62348	0.784944	0.00397056	
5.62	-0.61563	0.7911	0.00388941	
5.63	-0.607719	0.797177	0.00380952	
5.64	-0.599747	0.803175	0.00373084	
5.65	-0.591716	0.809092	0.00365333	
5.66	-0.583625	0.814928	0.00357695	
5.67	-0.575475	0.820683	0.00350166	
5.68	-0.567269	0.826355	0.00342742	
5.69	-0.559005	0.831945	0.0033542	
5.7	-0.550686	0.837452	0.00328196	
5.71	-0.542311	0.842875	0.00321067	
5.72	-0.533882	0.848214	0.00314029	
5.73	-0.5254	0.853468	0.00307079	
5.74	-0.516865	0.858637	0.00300215	
5.75	-0.508279	0.863719	0.00293433	
5.76	-0.499642	0.868716	0.0028673	
5.77	-0.490955	0.873625	0.00280105	
5.78	-0.482218	0.878447	0.00273554	
5.79	-0.473434	0.883182	0.00267074	
5.8	-0.464602	0.887828	0.00260664	
5.81	-0.455724	0.892385	0.00254321	
5.82	-0.4468	0.896853	0.00248042	
5.83	-0.437832	0.901231	0.00241826	
5.84	-0.428819	0.905519	0.0023567	
5.85	-0.419764	0.909717	0.00229572	
5.86	-0.410667	0.913824	0.00223531	
5.87	-0.401529	0.917839	0.00217543	
5.88	-0.39235	0.921762	0.00211608	
5.89	-0.383133	0.925594	0.00205723	
5.9	-0.373877	0.929332	0.00199887	
5.91	-0.364583	0.932978	0.00194098	
5.92	-0.355254	0.936531	0.00188354	
5.93	-0.345888	0.93999	0.00182653	
5.94	-0.336488	0.943354	0.00176994	
5.95	-0.327055	0.946625	0.00171376	
5.96	-0.317589	0.949801	0.00165796	
5.97	-0.308091	0.952882	0.00160254	
5.98	-0.298562	0.955867	0.00154747	
5.99	-0.289003	0.958757	0.00149275	
6	-0.279415	0.961551	0.00143835	
6.01	-0.2698	0.964249	0.00138427	
6.02	-0.260157	0.966851	0.0013305	
6.03	-0.250489	0.969356	0.00127701	
6.04	-0.240795	0.971764	0.0012238	
6.05	-0.231078	0.974074	0.00117085	
6.06	-0.221337	0.976288	0.00111816	
6.07	-0.211574	0.978404	0.0010657	
6.08	-0.20179	0.980421	0.00101347	
6.09	-0.191986	0.982341	0.00096145	
6.1	-0.182163	0.984163	0.000909637	
6.11	-0.172321	0.985886	0.000858015	
6.12	-0.162462	0.987511	0.000806574	
6.13	-0.152587	0.989037	0.000755301	
6.14	-0.142697	0.990463	0.000704187	
6.15	-0.132792	0.991791	0.00065322	
6.16	-0.122874	0.99302	0.000602389	
6.17	-0.112944	0.99415	0.000551684	
6.18	-0.103002	0.99518	0.000501095	
6.19	-0.0930505	0.99611	0.000450609	
6.2	-0.0830894	0.996941	0.000400219	
6.21	-0.07312	0.997672	0.000349912	
6.22	-0.0631433	0.998304	0.000299678	
6.23	-0.0531602	0.998835	0.000249509	
6.24	-0.0431719	0.999267	0.000199392	
6.25	-0.0331792	0.999599	0.00014932	
6.26	-0.0231832	0.99983	9.92798e-05	
6.27	-0.0131849	0.999962	4.92632e-05	
